0.0229  1.2095e-3
0.0232  5.9785e-4
0.0234  5.9704e-4
0.0236  5.9623e-4
0.0238  5.9542e-4
0.024  5.9461e-4
0.0242  5.938e-4
0.0245  5.9299e-4
0.0247  5.9218e-4
0.0249  5.9136e-4
0.0252  5.9055e-4
0.0254  5.8974e-4
0.0256  5.8893e-4
0.0259  5.8812e-4
0.0261  5.8731e-4
0.0263  5.865e-4
0.0266  5.8569e-4
0.0268  5.8488e-4
0.0271  5.8407e-4
0.0273  5.8326e-4
0.0276  5.8245e-4
0.0278  5.8164e-4
0.0281  5.8083e-4
0.0283  5.8002e-4
0.0286  5.7921e-4
0.0289  5.7839e-4
0.0291  5.7758e-4
0.0294  5.7677e-4
0.0297  5.7596e-4
0.0299  5.7515e-4
0.0302  5.7434e-4
0.0305  5.7353e-4
0.0308  5.7272e-4
0.0311  5.7191e-4
0.0313  5.711e-4
0.0316  5.7029e-4
0.0319  5.6948e-4
0.0322  5.6867e-4
0.0325  5.6786e-4
0.0328  5.6705e-4
0.0331  5.6623e-4
0.0334  5.6542e-4
0.0337  5.6461e-4
0.034  5.638e-4
0.0344  5.6299e-4
0.0347  5.6218e-4
0.035  5.6137e-4
0.0352  5.6056e-4
0.0356  5.5975e-4
0.036  5.5894e-4
0.0363  5.5813e-4
0.0366  5.5732e-4
0.037  5.5651e-4
0.0373  5.557e-4
0.0376  5.5489e-4
0.038  5.5408e-4
0.0383  5.5326e-4
0.0387  5.5245e-4
0.0391  5.5164e-4
0.0394  5.5083e-4
0.0398  5.5002e-4
0.0401  1.16e-3
0.0405  1.1592e-3
0.0409  1.1584e-3
0.0413  1.1576e-3
0.0416  1.7676e-3
0.042  1.7668e-3
0.0424  1.766e-3
0.0428  2.376e-3
0.0432  2.3752e-3
0.0436  2.3744e-3
0.044  2.9844e-3
0.0444  2.9836e-3
0.0448  2.9828e-3
0.0452  2.982e-3
0.0456  2.9811e-3
0.0461  3.5912e-3
0.0465  3.5903e-3
0.0469  3.5895e-3
0.0473  3.5887e-3
0.0478  4.1987e-3
0.0482  4.1979e-3
0.0487  4.1971e-3
0.0491  4.1963e-3
0.0496  4.1955e-3
0.05  4.8055e-3
0.0505  4.8047e-3
0.0509  4.8039e-3
0.0514  4.8031e-3
0.0519  5.4131e-3
0.0524  5.4123e-3
0.0529  5.4115e-3
0.0533  5.4106e-3
0.0538  5.4098e-3
0.0543  6.0198e-3
0.0548  6.019e-3
0.0553  6.0182e-3
0.0558  6.0174e-3
0.0564  6.6274e-3
0.0569  6.6266e-3
0.0574  6.6258e-3
0.0579  6.625e-3
0.0585  6.6242e-3
0.059  7.2342e-3
0.0594  7.2334e-3
0.0601  7.2326e-3
0.0606  7.2318e-3
0.0612  7.8418e-3
0.0618  7.841e-3
0.0623  7.8401e-3
0.0629  7.8393e-3
0.0635  7.8385e-3
0.0641  8.4485e-3
0.0647  8.4477e-3
0.0653  8.4469e-3
0.0659  8.4461e-3
0.0665  9.0561e-3
0.0671  9.0553e-3
0.0677  9.0545e-3
0.0683  9.0537e-3
0.0689  9.6637e-3
0.0695  9.6629e-3
0.0702  9.6621e-3
0.0709  9.6613e-3
0.0715  0.0103
0.0722  0.0103
0.0728  0.0103
0.0735  0.0103
0.0742  0.0109
0.0749  0.0109
0.0756  0.0109
0.0763  0.0109
0.077  0.0109
0.0777  0.0115
0.0784  0.0115
0.0791  0.0115
0.0798  0.0115
0.0806  0.0121
0.0813  0.0121
0.0821  0.0121
0.0828  0.0121
0.0836  0.0127
0.0844  0.0127
0.0851  0.0127
0.0859  0.0127
0.0867  0.0133
0.0875  0.0133
0.0883  0.0133
0.0891  0.0133
0.0899  0.0139
0.0908  0.0139
0.0916  0.0139
0.0925  0.0145
0.0933  0.0145
0.0942  0.0145
0.095  0.0145
0.0959  0.0151
0.0968  0.0151
0.0977  0.0151
0.0986  0.0151
0.0995  0.0157
0.1004  0.0157
0.1013  0.0157
0.1023  0.0163
0.1032  0.0163
0.1042  0.0163
0.1051  0.0163
0.1061  0.017
0.1071  0.017
0.108  0.017
0.109  0.0176
0.11  0.0176
0.1111  0.0176
0.1121  0.0182
0.1131  0.0182
0.1142  0.0182
0.1152  0.0188
0.1163  0.0188
0.1173  0.0188
0.1184  0.0194
0.1195  0.0194
0.1206  0.0194
0.1217  0.0194
0.1228  0.02
0.124  0.02
0.1251  0.02
0.1263  0.0206
0.1274  0.0206
0.1286  0.0206
0.1298  0.0212
0.131  0.0212
0.1322  0.0212
0.1334  0.0218
0.1346  0.0218
0.1359  0.0218
0.1371  0.0224
0.1384  0.0224
0.1397  0.023
0.141  0.023
0.1423  0.023
0.1436  0.0236
0.1449  0.0236
0.1461  0.0236
0.1476  0.0243
0.1489  0.0243
0.1503  0.0243
0.1517  0.0249
0.1531  0.0249
0.1545  0.0249
0.1559  0.0255
0.1573  0.0255
0.1588  0.0261
0.1602  0.0261
0.1617  0.0261
0.1632  0.0267
0.1647  0.0267
0.1662  0.0267
0.1678  0.0273
0.1693  0.0273
0.1709  0.0279
0.1724  0.0279
0.174  0.0285
0.1756  0.0285
0.1773  0.0285
0.1789  0.0291
0.1804  0.0291
0.1822  0.0297
0.1839  0.0297
0.1856  0.0297
0.1873  0.0303
0.189  0.0303
0.1907  0.031
0.1925  0.031
0.1943  0.0316
0.1961  0.0316
0.1979  0.0316
0.1997  0.0322
0.2015  0.0322
0.2034  0.0328
0.2053  0.0328
0.2072  0.0334
0.2091  0.0334
0.211  0.034
0.2129  0.034
0.2149  0.034
0.2169  0.0346
0.2189  0.0346
0.2209  0.0352
0.2229  0.0352
0.225  0.0358
0.227  0.0358
0.2291  0.0364
0.2312  0.0364
0.2334  0.037
0.2355  0.037
0.2377  0.0377
0.2399  0.0377
0.2421  0.0383
0.2443  0.0383
0.2466  0.0389
0.2488  0.0389
0.2511  0.0395
0.2534  0.0395
0.2558  0.0401
0.2581  0.0407
0.2605  0.0407
0.2629  0.0413
0.2652  0.0413
0.2678  0.0419
0.2702  0.0419
0.2727  0.0425
0.2752  0.0425
0.2778  0.0431
0.2803  0.0431
0.2829  0.0437
0.2854  0.0444
0.2882  0.0444
0.2908  0.045
0.2934  0.045
0.2962  0.0456
0.2989  0.0462
0.3017  0.0462
0.3044  0.0468
0.3073  0.0468
0.3101  0.0474
0.3129  0.048
0.3158  0.048
0.3187  0.0486
0.3216  0.0486
0.3246  0.0492
0.3276  0.0498
0.3306  0.0498
0.3336  0.0504
0.3367  0.0511
0.3399  0.0511
0.343  0.0517
0.3461  0.0523
0.3493  0.0523
0.3525  0.0529
0.3558  0.0535
0.3591  0.0535
0.3624  0.0541
0.3657  0.0547
0.3691  0.0547
0.3725  0.0553
0.3759  0.0559
0.3794  0.0559
0.3829  0.0565
0.3864  0.0572
0.39  0.0578
0.3935  0.0578
0.3972  0.0584
0.4008  0.059
0.4045  0.059
0.4082  0.0596
0.412  0.0602
0.4158  0.0608
0.4196  0.0614
0.4235  0.0614
0.4235  0.062
0.4274  0.062
0.4313  0.0626
0.4353  0.0633
0.4393  0.0633
0.4393  0.0639
0.4434  0.0639
0.4474  0.0645
0.4516  0.0651
0.4557  0.0657
0.4599  0.0657
0.4599  0.0663
0.4641  0.0663
0.4684  0.0669
0.4727  0.0675
0.4771  0.0681
0.4815  0.0687
0.4859  0.0687
0.4859  0.0694
0.4904  0.0694
0.4949  0.07
0.4995  0.0706
0.5041  0.0712
0.5087  0.0712
0.5133  0.0712
0.5181  0.0718
0.5181  0.0724
0.5229  0.0724
0.5229  0.073
0.5276  0.0735
0.5326  0.0742
0.5375  0.0748
0.5424  0.0754
0.5474  0.0761
0.5525  0.0767
0.5575  0.0773
0.5627  0.0779
0.5678  0.0779
0.5731  0.0779
0.5784  0.0785
0.5784  0.0791
0.5836  0.0791
0.5836  0.0796
0.5891  0.0803
0.5945  0.0809
0.6  0.0815
0.6055  0.0822
0.6111  0.0828
0.6111  0.0834
0.6167  0.0834
0.6167  0.084
0.6223  0.084
0.628  0.0846
0.628  0.0852
0.6339  0.0858
0.6339  0.0864
0.6397  0.087
0.6456  0.0877
0.6516  0.0883
0.6576  0.0889
0.6636  0.0895
0.6698  0.0901
0.6759  0.0907
0.6821  0.0913
0.6884  0.0919
0.6947  0.0925
0.7012  0.0931
0.7076  0.0931
0.7076  0.0937
0.7141  0.0937
0.7207  0.0944
0.7274  0.095
0.7341  0.0956
0.7408  0.0962
0.7476  0.0968
0.7545  0.0974
0.7614  0.098
0.7685  0.0986
0.7755  0.0986
0.7827  0.0992
0.7899  0.0998
0.7972  0.1005
0.8045  0.1005
0.8119  0.1011
0.8194  0.1017
0.827  0.1023
0.8346  0.1029
0.8423  0.1035
0.85  0.1041
0.8578  0.1047
0.8658  0.1053
0.8737  0.1059
0.8818  0.1059
0.8899  0.1059
0.8981  0.1066
0.8981  0.1072
0.9064  0.1072
0.9064  0.1078
0.9146  0.1084
0.9231  0.109
0.9316  0.1096
0.9402  0.1102
0.9489  0.1108
0.9576  0.1114
0.9664  0.1114
0.9752  0.1114
0.9843  0.112
0.9933  0.112
1.0025  0.1127
1.0118  0.1133
1.0211  0.1139
1.0305  0.1145
1.04  0.1151
1.0496  0.1157
1.0592  0.1163
1.069  0.1163
1.0788  0.1169
1.0888  0.1175
1.0888  0.1181
1.0988  0.1181
1.0988  0.1188
1.1089  0.1194
1.1191  0.12
1.1294  0.12
1.1398  0.1206
1.1398  0.1212
1.1398  0.1218
1.1503  0.1218
1.1503  0.1224
1.1609  0.123
1.1716  0.1236
1.1824  0.1242
1.1933  0.1249
1.2043  0.1255
1.2154  0.1261
1.2266  0.1267
1.2379  0.1267
1.2379  0.1273
1.2493  0.1273
1.2493  0.1279
1.2608  0.1285
1.2724  0.1291
1.2841  0.1297
1.2959  0.1297
1.3078  0.1297
1.3199  0.1297
1.332  0.1303
1.3443  0.131
1.3567  0.1316
1.3692  0.1322
1.3818  0.1328
1.3945  0.1334
1.4074  0.134
1.4203  0.1346
1.4334  0.1352
1.4466  0.1358
1.4599  0.1364
1.4734  0.1371
1.487  0.1377
1.5006  0.1383
1.5145  0.1389
1.5284  0.1395
1.5284  0.1401
1.5284  0.1407
1.5425  0.1413
1.5567  0.1419
1.571  0.1425
1.5855  0.1432
1.6  0.1438
1.6148  0.1444
1.6148  0.145
1.6297  0.1456
1.6447  0.1461
1.6599  0.1468
1.6752  0.1474
1.6905  0.148
1.7062  0.1486
1.7219  0.1493
1.7377  0.1499
1.7537  0.1505
1.7699  0.1511
1.7862  0.1511
1.7862  0.1517
1.8026  0.1517
1.8026  0.1522
1.8192  0.1522
1.8192  0.1529
1.8359  0.1529
1.8529  0.1529
1.87  0.1535
1.8872  0.1541
1.9045  0.1547
1.9221  0.1554
1.9398  0.156
1.9577  0.1566
1.9757  0.1572
1.9939  0.1578
2.0123  0.1584
2.0123  0.159
2.0123  0.1596
2.0123  0.1602
2.0308  0.1608
2.0308  0.1615
2.0495  0.1621
2.0684  0.1627
2.0874  0.1633
2.1066  0.1639
2.126  0.1645
2.1456  0.1651
2.1654  0.1657
2.1853  0.1663
2.1853  0.1669
2.2055  0.1676
2.2258  0.1682
2.2463  0.1688
2.267  0.1694
2.2878  0.17
2.3089  0.1706
2.3089  0.1712
2.3302  0.1718
2.3516  0.1724
2.3733  0.1731
2.3951  0.1737
2.4172  0.1737
2.4172  0.1743
2.4395  0.1743
2.4619  0.1749
2.4846  0.1755
2.5074  0.1761
2.5306  0.1767
2.5306  0.1773
2.5306  0.1779
2.5539  0.1785
2.5774  0.1792
2.6011  0.1792
2.6011  0.1798
2.6251  0.1798
2.6493  0.1804
2.6737  0.181
2.6983  0.1816
2.7231  0.1822
2.7482  0.1828
2.7734  0.1834
2.7991  0.184
2.8249  0.1846
2.8249  0.1853
2.8509  0.1853
2.8509  0.1859
2.8771  0.1865
2.9036  0.1871
2.9304  0.1877
2.9574  0.1883
2.9846  0.1889
3.0121  0.1895
3.0398  0.1901
3.0678  0.1907
3.0678  0.1914
3.0678  0.192
3.0961  0.1926
3.1246  0.1932
3.1534  0.1932
3.1534  0.1938
3.1824  0.1938
3.1824  0.1944
3.2117  0.195
3.2413  0.1956
3.2711  0.1956
3.2711  0.1962
3.3013  0.1962
3.3317  0.1968
3.3624  0.1975
3.3933  0.1981
3.3933  0.1987
3.3933  0.1993
3.4245  0.1999
3.4561  0.2005
3.4879  0.2011
3.5201  0.2011
3.5201  0.2017
3.5525  0.2017
3.5852  0.2023
3.6181  0.2029
3.6515  0.2036
3.6852  0.2042
3.6852  0.2048
3.6852  0.2054
3.7191  0.206
3.7534  0.2066
3.7879  0.2072
3.8228  0.2078
3.858  0.2078
3.858  0.2084
3.8936  0.2084
3.9294  0.209
3.9294  0.2097
3.9294  0.2103
3.9656  0.2109
4.0021  0.2115
4.039  0.2121
4.0762  0.2127
4.1137  0.2127
4.1137  0.2133
4.1516  0.2133
4.1516  0.2139
4.1516  0.2145
4.1898  0.2151
4.2284  0.2158
4.2674  0.2164
4.3067  0.2164
4.3067  0.217
4.3463  0.217
4.3864  0.2176
4.3864  0.2182
4.3864  0.2187
4.4268  0.2194
4.4675  0.22
4.5087  0.22
4.5087  0.2206
4.5502  0.2206
4.592  0.2212
4.592  0.2219
4.592  0.2225
4.6343  0.2231
4.6771  0.2237
4.7202  0.2237
4.7202  0.2243
4.7635  0.2243
4.7635  0.2248
4.7635  0.2255
4.8075  0.2261
4.8518  0.2267
4.8965  0.2273
4.9416  0.2273
4.9416  0.228
4.987  0.228
5.033  0.2286
5.0793  0.2292
5.0793  0.2298
5.1261  0.2298
5.1261  0.2304
5.1733  0.231
5.221  0.2316
5.221  0.2322
5.2691  0.2322
5.2691  0.2328
5.3176  0.2335
5.3666  0.2341
5.3666  0.2347
5.3666  0.2353
5.416  0.2359
5.4659  0.2365
5.5162  0.2365
5.5162  0.2371
5.567  0.2371
5.6183  0.2377
5.6183  0.2383
5.67  0.2383
5.67  0.2389
5.7222  0.2396
5.7222  0.2402
5.7749  0.2408
5.8281  0.2414
5.8818  0.242
5.8818  0.2426
5.8818  0.2432
5.936  0.2438
5.9906  0.2444
6.0458  0.245
6.1015  0.2457
6.1577  0.2463
6.2144  0.2469
6.2716  0.2475
6.2716  0.2481
6.2716  0.2487
6.3294  0.2493
6.3294  0.2499
6.3877  0.2499
6.4465  0.2505
6.4465  0.2511
6.5059  0.2518
6.5059  0.2524
6.5657  0.253
6.6263  0.253
6.6263  0.2536
6.6873  0.2536
6.7489  0.2542
6.7489  0.2548
6.7489  0.2554
6.811  0.256
6.8738  0.2566
6.8738  0.2572
6.9371  0.2579
7.001  0.2585
7.001  0.2591
7.0654  0.2597
7.1305  0.2603
7.1962  0.2609
7.2624  0.2615
7.2624  0.2621
7.3293  0.2627
7.3968  0.2634
7.3968  0.264
7.465  0.2646
7.5337  0.2652
7.5337  0.2658
7.6031  0.2664
7.6731  0.267
7.6731  0.2676
7.7438  0.2682
7.8151  0.2688
7.8871  0.2695
7.8871  0.2701
7.9597  0.2707
8.033  0.2713
8.033  0.2719
8.107  0.2725
8.1817  0.2725
8.1817  0.2731
8.257  0.2731
8.257  0.2737
8.257  0.2743
8.3331  0.2749
8.4098  0.2756
8.4098  0.2762
8.4873  0.2768
8.5654  0.2774
8.5654  0.278
8.6442  0.2786
8.7239  0.2792
8.8043  0.2798
8.8853  0.2804
8.9672  0.281
9.0498  0.2817
9.0498  0.2823
9.1331  0.2823
9.1331  0.2829
9.1331  0.2835
9.2172  0.2841
9.2172  0.2847
9.3021  0.2852
9.3021  0.2859
9.3878  0.2865
9.4742  0.2872
9.4742  0.2878
9.5615  0.2884
9.6496  0.289
9.7384  0.2896
9.8281  0.2902
9.9186  0.2908
9.9186  0.2913
9.9186  0.292
10.01  0.2926
10.1022  0.2933
10.1952  0.2939
10.1952  0.2945
10.2891  0.2951
10.3839  0.2957
10.3839  0.2963
10.3839  0.2969
10.4795  0.2974
10.576  0.2981
10.6734  0.2987
10.7717  0.2993
10.7717  0.3
10.8709  0.3006
10.8709  0.3012
10.971  0.3018
11.0721  0.3024
11.174  0.303
11.2769  0.3035
11.3808  0.3042
11.4856  0.3048
11.4856  0.3054
11.4856  0.3061
11.5914  0.3067
11.6981  0.3073
11.8058  0.3079
11.8058  0.3085
11.9146  0.3091
12.0243  0.3096
12.1351  0.3103
12.1351  0.311
12.2468  0.3115
12.3596  0.3122
12.4735  0.3128
12.5883  0.3134
12.7043  0.314
12.8213  0.3146
12.8213  0.3152
12.9394  0.3158
12.9394  0.3164
13.0585  0.3171
13.1788  0.3176
13.1788  0.3183
13.3002  0.3189
13.4226  0.3195
13.5463  0.3201
13.671  0.3207
13.7969  0.3213
13.924  0.3219
13.924  0.3225
14.0522  0.3232
14.0522  0.3237
14.1816  0.3244
14.3123  0.325
14.4441  0.325
14.5771  0.325
14.5771  0.3256
14.5771  0.3262
14.7113  0.3268
14.8468  0.3274
14.9836  0.328
15.1216  0.3286
15.2608  0.3293
15.4014  0.3299
15.5432  0.3305
15.6864  0.3305
15.6864  0.3311
15.8308  0.3311
15.9766  0.3317
16.1238  0.3323
16.2723  0.3329
16.4221  0.3335
16.5734  0.3341
16.726  0.3347
16.88  0.3354
17.0355  0.336
17.1924  0.336
17.3507  0.336
17.3507  0.3366
17.5105  0.3372
17.6718  0.3378
17.6718  0.3384
17.8346  0.3384
17.8346  0.339
17.9988  0.3396
17.9988  0.3402
17.9988  0.3408
18.1646  0.3415
18.3319  0.3421
18.5007  0.3421
18.6711  0.3427
18.843  0.3427
19.0166  0.3433
19.0166  0.3439
19.0166  0.3445
19.1917  0.3451
19.3685  0.3457
19.5468  0.3463
19.7269  0.3463
19.7269  0.3469
19.9085  0.3469
20.0919  0.3476
20.2769  0.3482
20.2769  0.3488
20.2769  0.3494
20.4637  0.35
20.6521  0.3506
20.8423  0.3512
21.0343  0.3518
21.228  0.3518
21.228  0.3524
21.4235  0.3524
21.4235  0.353
21.6208  0.3537
21.8199  0.3543
22.0209  0.3549
22.0209  0.3555
22.2237  0.3561
22.4284  0.3567
22.6349  0.3573
22.8434  0.3578
23.0538  0.3578
23.2661  0.3585
23.2661  0.3591
23.4804  0.3598
23.4804  0.3604
23.6966  0.3604
23.6966  0.361
23.9149  0.3616
